0 0 0 67 1 6
0 1 0 67 5 6
0 2 0 67 9 6
0 3 0 67 13 6
0 0 0 65 2 1
0 1 0 65 6 1
0 2 0 65 10 1
0 3 0 65 14 1
0 0 0 63 1 10
0 1 0 63 5 10
0 2 0 63 9 10
0 3 0 63 13 10
0 0 0 61 2 10
0 1 0 61 6 10
0 2 0 61 10 10
0 3 0 61 14 10
0 0 0 59 1 5
0 1 0 59 5 5
0 2 0 59 9 5
0 3 0 59 13 5
0 0 0 57 2 6
0 1 0 57 6 6
0 2 0 57 10 6
0 3 0 57 14 6
0 0 0 54 1 11
0 1 0 54 5 11
0 2 0 54 9 11
0 3 0 54 13 11
0 0 0 52 2 11
0 1 0 52 6 11
0 2 0 52 10 11
0 3 0 52 14 11
0 0 0 50 1 4
0 1 0 50 5 4
0 2 0 50 9 4
0 3 0 50 13 4
0 0 0 48 2 5
0 1 0 48 6 5
0 2 0 48 10 5
0 3 0 48 14 5
0 0 0 46 1 3
0 1 0 46 5 3
0 2 0 46 9 3
0 3 0 46 13 3
0 0 0 43 2 4
0 1 0 43 6 4
0 2 0 43 10 4
0 3 0 43 14 4
0 0 0 41 1 12
0 1 0 41 5 12
0 2 0 41 9 12
0 3 0 41 13 12
0 0 0 39 2 12
0 1 0 39 6 12
0 2 0 39 10 12
0 3 0 39 14 12
0 0 0 37 1 2
0 1 0 37 5 2
0 2 0 37 9 2
0 3 0 37 13 2
0 0 0 35 2 3
0 1 0 35 6 3
0 2 0 35 10 3
0 3 0 35 14 3
0 0 0 33 1 13
0 1 0 33 5 13
0 2 0 33 9 13
0 3 0 33 13 13
0 0 0 31 2 13
0 1 0 31 6 13
0 2 0 31 10 13
0 3 0 31 14 13
0 0 0 29 1 1
0 1 0 29 5 1
0 2 0 29 9 1
0 3 0 29 13 1
0 0 0 27 2 2
0 1 0 27 6 2
0 2 0 27 10 2
0 3 0 27 14 2
0 0 0 25 1 9
0 1 0 25 5 9
0 2 0 25 9 9
0 3 0 25 13 9
0 0 0 23 2 7
0 1 0 23 6 7
0 2 0 23 10 7
0 3 0 23 14 7
0 0 0 20 1 14
0 1 0 20 5 14
0 2 0 20 9 14
0 3 0 20 13 14
0 0 0 18 2 14
0 1 0 18 6 14
0 2 0 18 10 14
0 3 0 18 14 14
0 0 0 16 1 8
0 1 0 16 5 8
0 2 0 16 9 8
0 3 0 16 13 8
0 0 0 14 2 9
0 1 0 14 6 9
0 2 0 14 10 9
0 3 0 14 14 9
0 0 0 12 1 7
0 1 0 12 5 7
0 2 0 12 9 7
0 3 0 12 13 7
0 0 0 9 2 8
0 1 0 9 6 8
0 2 0 9 10 8
0 3 0 9 14 8
0 0 0 7 1 15
0 1 0 7 5 15
0 2 0 7 9 15
0 3 0 7 13 15
0 0 0 5 2 15
0 1 0 5 6 15
0 2 0 5 10 15
0 3 0 5 14 15
0 0 0 3 1 16
0 1 0 3 5 16
0 2 0 3 9 16
0 3 0 3 13 16
0 0 0 1 2 16
0 1 0 1 6 16
0 2 0 1 10 16
0 3 0 1 14 16
0 0 0 66 4 6
0 1 0 66 8 6
0 2 0 66 12 6
0 3 0 66 16 6
0 0 0 64 3 1
0 1 0 64 7 1
0 2 0 64 11 1
0 3 0 64 15 1
0 0 0 62 4 10
0 1 0 62 8 10
0 2 0 62 12 10
0 3 0 62 16 10
0 0 0 60 3 10
0 1 0 60 7 10
0 2 0 60 11 10
0 3 0 60 15 10
0 0 0 58 4 5
0 1 0 58 8 5
0 2 0 58 12 5
0 3 0 58 16 5
0 0 0 55 3 6
0 1 0 55 7 6
0 2 0 55 11 6
0 3 0 55 15 6
0 0 0 53 4 11
0 1 0 53 8 11
0 2 0 53 12 11
0 3 0 53 16 11
0 0 0 51 3 11
0 1 0 51 7 11
0 2 0 51 11 11
0 3 0 51 15 11
0 0 0 49 4 4
0 1 0 49 8 4
0 2 0 49 12 4
0 3 0 49 16 4
0 0 0 47 3 5
0 1 0 47 7 5
0 2 0 47 11 5
0 3 0 47 15 5
0 0 0 44 4 3
0 1 0 44 8 3
0 2 0 44 12 3
0 3 0 44 16 3
0 0 0 42 3 4
0 1 0 42 7 4
0 2 0 42 11 4
0 3 0 42 15 4
0 0 0 40 4 12
0 1 0 40 8 12
0 2 0 40 12 12
0 3 0 40 16 12
0 0 0 38 3 12
0 1 0 38 7 12
0 2 0 38 11 12
0 3 0 38 15 12
0 0 0 36 4 2
0 1 0 36 8 2
0 2 0 36 12 2
0 3 0 36 16 2
0 0 0 34 3 3
0 1 0 34 7 3
0 2 0 34 11 3
0 3 0 34 15 3
0 0 0 32 4 13
0 1 0 32 8 13
0 2 0 32 12 13
0 3 0 32 16 13
0 0 0 30 3 13
0 1 0 30 7 13
0 2 0 30 11 13
0 3 0 30 15 13
0 0 0 28 4 1
0 1 0 28 8 1
0 2 0 28 12 1
0 3 0 28 16 1
0 0 0 26 3 2
0 1 0 26 7 2
0 2 0 26 11 2
0 3 0 26 15 2
0 0 0 24 4 9
0 1 0 24 8 9
0 2 0 24 12 9
0 3 0 24 16 9
0 0 0 21 3 7
0 1 0 21 7 7
0 2 0 21 11 7
0 3 0 21 15 7
0 0 0 19 4 14
0 1 0 19 8 14
0 2 0 19 12 14
0 3 0 19 16 14
0 0 0 17 3 14
0 1 0 17 7 14
0 2 0 17 11 14
0 3 0 17 15 14
0 0 0 15 4 8
0 1 0 15 8 8
0 2 0 15 12 8
0 3 0 15 16 8
0 0 0 13 3 9
0 1 0 13 7 9
0 2 0 13 11 9
0 3 0 13 15 9
0 0 0 10 4 7
0 1 0 10 8 7
0 2 0 10 12 7
0 3 0 10 16 7
0 0 0 8 3 8
0 1 0 8 7 8
0 2 0 8 11 8
0 3 0 8 15 8
0 0 0 6 4 15
0 1 0 6 8 15
0 2 0 6 12 15
0 3 0 6 16 15
0 0 0 4 3 15
0 1 0 4 7 15
0 2 0 4 11 15
0 3 0 4 15 15
0 0 0 2 4 16
0 1 0 2 8 16
0 2 0 2 12 16
0 3 0 2 16 16
0 0 0 0 3 16
0 1 0 0 7 16
0 2 0 0 11 16
0 3 0 0 15 16
0 0 1 67 2 17
0 1 1 67 6 17
0 2 1 67 10 17
0 3 1 67 14 17
0 0 1 65 1 17
0 1 1 65 5 17
0 2 1 65 9 17
0 3 1 65 13 17
0 0 1 63 2 18
0 1 1 63 6 18
0 2 1 63 10 18
0 3 1 63 14 18
0 0 1 61 1 18
0 1 1 61 5 18
0 2 1 61 9 18
0 3 1 61 13 18
0 0 1 59 2 25
0 1 1 59 6 25
0 2 1 59 10 25
0 3 1 59 14 25
0 0 1 57 1 26
0 1 1 57 5 26
0 2 1 57 9 26
0 3 1 57 13 26
0 0 1 54 2 24
0 1 1 54 6 24
0 2 1 54 10 24
0 3 1 54 14 24
0 0 1 52 1 25
0 1 1 52 5 25
0 2 1 52 9 25
0 3 1 52 13 25
0 0 1 50 2 19
0 1 1 50 6 19
0 2 1 50 10 19
0 3 1 50 14 19
0 0 1 48 1 19
0 1 1 48 5 19
0 2 1 48 9 19
0 3 1 48 13 19
0 0 1 46 2 26
0 1 1 46 6 26
0 2 1 46 10 26
0 3 1 46 14 26
0 0 1 43 1 24
0 1 1 43 5 24
0 2 1 43 9 24
0 3 1 43 13 24
0 0 1 41 2 31
0 1 1 41 6 31
0 2 1 41 10 31
0 3 1 41 14 31
0 0 1 39 1 32
0 1 1 39 5 32
0 2 1 39 9 32
0 3 1 39 13 32
0 0 1 37 2 20
0 1 1 37 6 20
0 2 1 37 10 20
0 3 1 37 14 20
0 0 1 35 1 20
0 1 1 35 5 20
0 2 1 35 9 20
0 3 1 35 13 20
0 0 1 33 2 30
0 1 1 33 6 30
0 2 1 33 10 30
0 3 1 33 14 30
0 0 1 31 1 31
0 1 1 31 5 31
0 2 1 31 9 31
0 3 1 31 13 31
0 0 1 29 2 21
0 1 1 29 6 21
0 2 1 29 10 21
0 3 1 29 14 21
0 0 1 27 1 21
0 1 1 27 5 21
0 2 1 27 9 21
0 3 1 27 13 21
0 0 1 25 2 29
0 1 1 25 6 29
0 2 1 25 10 29
0 3 1 25 14 29
0 0 1 23 1 30
0 1 1 23 5 30
0 2 1 23 9 30
0 3 1 23 13 30
0 0 1 20 2 28
0 1 1 20 6 28
0 2 1 20 10 28
0 3 1 20 14 28
0 0 1 18 1 29
0 1 1 18 5 29
0 2 1 18 9 29
0 3 1 18 13 29
0 0 1 16 2 22
0 1 1 16 6 22
0 2 1 16 10 22
0 3 1 16 14 22
0 0 1 14 1 22
0 1 1 14 5 22
0 2 1 14 9 22
0 3 1 14 13 22
0 0 1 12 2 27
0 1 1 12 6 27
0 2 1 12 10 27
0 3 1 12 14 27
0 0 1 9 1 28
0 1 1 9 5 28
0 2 1 9 9 28
0 3 1 9 13 28
0 0 1 7 2 23
0 1 1 7 6 23
0 2 1 7 10 23
0 3 1 7 14 23
0 0 1 5 1 23
0 1 1 5 5 23
0 2 1 5 9 23
0 3 1 5 13 23
0 0 1 3 2 32
0 1 1 3 6 32
0 2 1 3 10 32
0 3 1 3 14 32
0 0 1 1 1 27
0 1 1 1 5 27
0 2 1 1 9 27
0 3 1 1 13 27
0 0 1 66 3 17
0 1 1 66 7 17
0 2 1 66 11 17
0 3 1 66 15 17
0 0 1 64 4 17
0 1 1 64 8 17
0 2 1 64 12 17
0 3 1 64 16 17
0 0 1 62 3 18
0 1 1 62 7 18
0 2 1 62 11 18
0 3 1 62 15 18
0 0 1 60 4 18
0 1 1 60 8 18
0 2 1 60 12 18
0 3 1 60 16 18
0 0 1 58 3 25
0 1 1 58 7 25
0 2 1 58 11 25
0 3 1 58 15 25
0 0 1 55 4 26
0 1 1 55 8 26
0 2 1 55 12 26
0 3 1 55 16 26
0 0 1 53 3 24
0 1 1 53 7 24
0 2 1 53 11 24
0 3 1 53 15 24
0 0 1 51 4 25
0 1 1 51 8 25
0 2 1 51 12 25
0 3 1 51 16 25
0 0 1 49 3 19
0 1 1 49 7 19
0 2 1 49 11 19
0 3 1 49 15 19
0 0 1 47 4 19
0 1 1 47 8 19
0 2 1 47 12 19
0 3 1 47 16 19
0 0 1 44 3 26
0 1 1 44 7 26
0 2 1 44 11 26
0 3 1 44 15 26
0 0 1 42 4 24
0 1 1 42 8 24
0 2 1 42 12 24
0 3 1 42 16 24
0 0 1 40 3 31
0 1 1 40 7 31
0 2 1 40 11 31
0 3 1 40 15 31
0 0 1 38 4 32
0 1 1 38 8 32
0 2 1 38 12 32
0 3 1 38 16 32
0 0 1 36 3 20
0 1 1 36 7 20
0 2 1 36 11 20
0 3 1 36 15 20
0 0 1 34 4 20
0 1 1 34 8 20
0 2 1 34 12 20
0 3 1 34 16 20
0 0 1 32 3 30
0 1 1 32 7 30
0 2 1 32 11 30
0 3 1 32 15 30
0 0 1 30 4 31
0 1 1 30 8 31
0 2 1 30 12 31
0 3 1 30 16 31
0 0 1 28 3 21
0 1 1 28 7 21
0 2 1 28 11 21
0 3 1 28 15 21
0 0 1 26 4 21
0 1 1 26 8 21
0 2 1 26 12 21
0 3 1 26 16 21
0 0 1 24 3 29
0 1 1 24 7 29
0 2 1 24 11 29
0 3 1 24 15 29
0 0 1 21 4 30
0 1 1 21 8 30
0 2 1 21 12 30
0 3 1 21 16 30
0 0 1 19 3 28
0 1 1 19 7 28
0 2 1 19 11 28
0 3 1 19 15 28
0 0 1 17 4 29
0 1 1 17 8 29
0 2 1 17 12 29
0 3 1 17 16 29
0 0 1 15 3 22
0 1 1 15 7 22
0 2 1 15 11 22
0 3 1 15 15 22
0 0 1 13 4 22
0 1 1 13 8 22
0 2 1 13 12 22
0 3 1 13 16 22
0 0 1 10 3 27
0 1 1 10 7 27
0 2 1 10 11 27
0 3 1 10 15 27
0 0 1 8 4 28
0 1 1 8 8 28
0 2 1 8 12 28
0 3 1 8 16 28
0 0 1 6 3 23
0 1 1 6 7 23
0 2 1 6 11 23
0 3 1 6 15 23
0 0 1 4 4 23
0 1 1 4 8 23
0 2 1 4 12 23
0 3 1 4 16 23
0 0 1 2 3 32
0 1 1 2 7 32
0 2 1 2 11 32
0 3 1 2 15 32
0 0 1 0 4 27
0 1 1 0 8 27
0 2 1 0 12 27
0 3 1 0 16 27
0 0 2 67 1 38
0 1 2 67 5 38
0 2 2 67 9 38
0 3 2 67 13 38
0 0 2 65 2 33
0 1 2 65 6 33
0 2 2 65 10 33
0 3 2 65 14 33
0 0 2 63 1 42
0 1 2 63 5 42
0 2 2 63 9 42
0 3 2 63 13 42
0 0 2 61 2 42
0 1 2 61 6 42
0 2 2 61 10 42
0 3 2 61 14 42
0 0 2 59 1 37
0 1 2 59 5 37
0 2 2 59 9 37
0 3 2 59 13 37
0 0 2 57 2 38
0 1 2 57 6 38
0 2 2 57 10 38
0 3 2 57 14 38
0 0 2 54 1 43
0 1 2 54 5 43
0 2 2 54 9 43
0 3 2 54 13 43
0 0 2 52 2 43
0 1 2 52 6 43
0 2 2 52 10 43
0 3 2 52 14 43
0 0 2 50 1 36
0 1 2 50 5 36
0 2 2 50 9 36
0 3 2 50 13 36
0 0 2 48 2 37
0 1 2 48 6 37
0 2 2 48 10 37
0 3 2 48 14 37
0 0 2 46 1 35
0 1 2 46 5 35
0 2 2 46 9 35
0 3 2 46 13 35
0 0 2 43 2 36
0 1 2 43 6 36
0 2 2 43 10 36
0 3 2 43 14 36
0 0 2 41 1 44
0 1 2 41 5 44
0 2 2 41 9 44
0 3 2 41 13 44
0 0 2 39 2 44
0 1 2 39 6 44
0 2 2 39 10 44
0 3 2 39 14 44
0 0 2 37 1 34
0 1 2 37 5 34
0 2 2 37 9 34
0 3 2 37 13 34
0 0 2 35 2 35
0 1 2 35 6 35
0 2 2 35 10 35
0 3 2 35 14 35
0 0 2 33 1 45
0 1 2 33 5 45
0 2 2 33 9 45
0 3 2 33 13 45
0 0 2 31 2 45
0 1 2 31 6 45
0 2 2 31 10 45
0 3 2 31 14 45
0 0 2 29 1 33
0 1 2 29 5 33
0 2 2 29 9 33
0 3 2 29 13 33
0 0 2 27 2 34
0 1 2 27 6 34
0 2 2 27 10 34
0 3 2 27 14 34
0 0 2 25 1 41
0 1 2 25 5 41
0 2 2 25 9 41
0 3 2 25 13 41
0 0 2 23 2 39
0 1 2 23 6 39
0 2 2 23 10 39
0 3 2 23 14 39
0 0 2 20 1 46
0 1 2 20 5 46
0 2 2 20 9 46
0 3 2 20 13 46
0 0 2 18 2 46
0 1 2 18 6 46
0 2 2 18 10 46
0 3 2 18 14 46
0 0 2 16 1 40
0 1 2 16 5 40
0 2 2 16 9 40
0 3 2 16 13 40
0 0 2 14 2 41
0 1 2 14 6 41
0 2 2 14 10 41
0 3 2 14 14 41
0 0 2 12 1 39
0 1 2 12 5 39
0 2 2 12 9 39
0 3 2 12 13 39
0 0 2 9 2 40
0 1 2 9 6 40
0 2 2 9 10 40
0 3 2 9 14 40
0 0 2 7 1 47
0 1 2 7 5 47
0 2 2 7 9 47
0 3 2 7 13 47
0 0 2 5 2 47
0 1 2 5 6 47
0 2 2 5 10 47
0 3 2 5 14 47
0 0 2 3 1 48
0 1 2 3 5 48
0 2 2 3 9 48
0 3 2 3 13 48
0 0 2 1 2 48
0 1 2 1 6 48
0 2 2 1 10 48
0 3 2 1 14 48
0 0 2 66 4 38
0 1 2 66 8 38
0 2 2 66 12 38
0 3 2 66 16 38
0 0 2 64 3 33
0 1 2 64 7 33
0 2 2 64 11 33
0 3 2 64 15 33
0 0 2 62 4 42
0 1 2 62 8 42
0 2 2 62 12 42
0 3 2 62 16 42
0 0 2 60 3 42
0 1 2 60 7 42
0 2 2 60 11 42
0 3 2 60 15 42
0 0 2 58 4 37
0 1 2 58 8 37
0 2 2 58 12 37
0 3 2 58 16 37
0 0 2 55 3 38
0 1 2 55 7 38
0 2 2 55 11 38
0 3 2 55 15 38
0 0 2 53 4 43
0 1 2 53 8 43
0 2 2 53 12 43
0 3 2 53 16 43
0 0 2 51 3 43
0 1 2 51 7 43
0 2 2 51 11 43
0 3 2 51 15 43
0 0 2 49 4 36
0 1 2 49 8 36
0 2 2 49 12 36
0 3 2 49 16 36
0 0 2 47 3 37
0 1 2 47 7 37
0 2 2 47 11 37
0 3 2 47 15 37
0 0 2 44 4 35
0 1 2 44 8 35
0 2 2 44 12 35
0 3 2 44 16 35
0 0 2 42 3 36
0 1 2 42 7 36
0 2 2 42 11 36
0 3 2 42 15 36
0 0 2 40 4 44
0 1 2 40 8 44
0 2 2 40 12 44
0 3 2 40 16 44
0 0 2 38 3 44
0 1 2 38 7 44
0 2 2 38 11 44
0 3 2 38 15 44
0 0 2 36 4 34
0 1 2 36 8 34
0 2 2 36 12 34
0 3 2 36 16 34
0 0 2 34 3 35
0 1 2 34 7 35
0 2 2 34 11 35
0 3 2 34 15 35
0 0 2 32 4 45
0 1 2 32 8 45
0 2 2 32 12 45
0 3 2 32 16 45
0 0 2 30 3 45
0 1 2 30 7 45
0 2 2 30 11 45
0 3 2 30 15 45
0 0 2 28 4 33
0 1 2 28 8 33
0 2 2 28 12 33
0 3 2 28 16 33
0 0 2 26 3 34
0 1 2 26 7 34
0 2 2 26 11 34
0 3 2 26 15 34
0 0 2 24 4 41
0 1 2 24 8 41
0 2 2 24 12 41
0 3 2 24 16 41
0 0 2 21 3 39
0 1 2 21 7 39
0 2 2 21 11 39
0 3 2 21 15 39
0 0 2 19 4 46
0 1 2 19 8 46
0 2 2 19 12 46
0 3 2 19 16 46
0 0 2 17 3 46
0 1 2 17 7 46
0 2 2 17 11 46
0 3 2 17 15 46
0 0 2 15 4 40
0 1 2 15 8 40
0 2 2 15 12 40
0 3 2 15 16 40
0 0 2 13 3 41
0 1 2 13 7 41
0 2 2 13 11 41
0 3 2 13 15 41
0 0 2 10 4 39
0 1 2 10 8 39
0 2 2 10 12 39
0 3 2 10 16 39
0 0 2 8 3 40
0 1 2 8 7 40
0 2 2 8 11 40
0 3 2 8 15 40
0 0 2 6 4 47
0 1 2 6 8 47
0 2 2 6 12 47
0 3 2 6 16 47
0 0 2 4 3 47
0 1 2 4 7 47
0 2 2 4 11 47
0 3 2 4 15 47
0 0 2 2 4 48
0 1 2 2 8 48
0 2 2 2 12 48
0 3 2 2 16 48
0 0 2 0 3 48
0 1 2 0 7 48
0 2 2 0 11 48
0 3 2 0 15 48
0 0 3 67 2 49
0 1 3 67 6 49
0 2 3 67 10 49
0 3 3 67 14 49
0 0 3 65 1 49
0 1 3 65 5 49
0 2 3 65 9 49
0 3 3 65 13 49
0 0 3 63 2 50
0 1 3 63 6 50
0 2 3 63 10 50
0 3 3 63 14 50
0 0 3 61 1 50
0 1 3 61 5 50
0 2 3 61 9 50
0 3 3 61 13 50
0 0 3 59 2 57
0 1 3 59 6 57
0 2 3 59 10 57
0 3 3 59 14 57
0 0 3 57 1 58
0 1 3 57 5 58
0 2 3 57 9 58
0 3 3 57 13 58
0 0 3 54 2 56
0 1 3 54 6 56
0 2 3 54 10 56
0 3 3 54 14 56
0 0 3 52 1 57
0 1 3 52 5 57
0 2 3 52 9 57
0 3 3 52 13 57
0 0 3 50 2 51
0 1 3 50 6 51
0 2 3 50 10 51
0 3 3 50 14 51
0 0 3 48 1 51
0 1 3 48 5 51
0 2 3 48 9 51
0 3 3 48 13 51
0 0 3 46 2 58
0 1 3 46 6 58
0 2 3 46 10 58
0 3 3 46 14 58
0 0 3 43 1 56
0 1 3 43 5 56
0 2 3 43 9 56
0 3 3 43 13 56
0 0 3 41 2 63
0 1 3 41 6 63
0 2 3 41 10 63
0 3 3 41 14 63
0 0 3 39 1 64
0 1 3 39 5 64
0 2 3 39 9 64
0 3 3 39 13 64
0 0 3 37 2 52
0 1 3 37 6 52
0 2 3 37 10 52
0 3 3 37 14 52
0 0 3 35 1 52
0 1 3 35 5 52
0 2 3 35 9 52
0 3 3 35 13 52
0 0 3 33 2 62
0 1 3 33 6 62
0 2 3 33 10 62
0 3 3 33 14 62
0 0 3 31 1 63
0 1 3 31 5 63
0 2 3 31 9 63
0 3 3 31 13 63
0 0 3 29 2 53
0 1 3 29 6 53
0 2 3 29 10 53
0 3 3 29 14 53
0 0 3 27 1 53
0 1 3 27 5 53
0 2 3 27 9 53
0 3 3 27 13 53
0 0 3 25 2 61
0 1 3 25 6 61
0 2 3 25 10 61
0 3 3 25 14 61
0 0 3 23 1 62
0 1 3 23 5 62
0 2 3 23 9 62
0 3 3 23 13 62
0 0 3 20 2 60
0 1 3 20 6 60
0 2 3 20 10 60
0 3 3 20 14 60
0 0 3 18 1 61
0 1 3 18 5 61
0 2 3 18 9 61
0 3 3 18 13 61
0 0 3 16 2 54
0 1 3 16 6 54
0 2 3 16 10 54
0 3 3 16 14 54
0 0 3 14 1 54
0 1 3 14 5 54
0 2 3 14 9 54
0 3 3 14 13 54
0 0 3 12 2 59
0 1 3 12 6 59
0 2 3 12 10 59
0 3 3 12 14 59
0 0 3 9 1 60
0 1 3 9 5 60
0 2 3 9 9 60
0 3 3 9 13 60
0 0 3 7 2 55
0 1 3 7 6 55
0 2 3 7 10 55
0 3 3 7 14 55
0 0 3 5 1 55
0 1 3 5 5 55
0 2 3 5 9 55
0 3 3 5 13 55
0 0 3 3 2 64
0 1 3 3 6 64
0 2 3 3 10 64
0 3 3 3 14 64
0 0 3 1 1 59
0 1 3 1 5 59
0 2 3 1 9 59
0 3 3 1 13 59
0 0 3 66 3 49
0 1 3 66 7 49
0 2 3 66 11 49
0 3 3 66 15 49
0 0 3 64 4 49
0 1 3 64 8 49
0 2 3 64 12 49
0 3 3 64 16 49
0 0 3 62 3 50
0 1 3 62 7 50
0 2 3 62 11 50
0 3 3 62 15 50
0 0 3 60 4 50
0 1 3 60 8 50
0 2 3 60 12 50
0 3 3 60 16 50
0 0 3 58 3 57
0 1 3 58 7 57
0 2 3 58 11 57
0 3 3 58 15 57
0 0 3 55 4 58
0 1 3 55 8 58
0 2 3 55 12 58
0 3 3 55 16 58
0 0 3 53 3 56
0 1 3 53 7 56
0 2 3 53 11 56
0 3 3 53 15 56
0 0 3 51 4 57
0 1 3 51 8 57
0 2 3 51 12 57
0 3 3 51 16 57
0 0 3 49 3 51
0 1 3 49 7 51
0 2 3 49 11 51
0 3 3 49 15 51
0 0 3 47 4 51
0 1 3 47 8 51
0 2 3 47 12 51
0 3 3 47 16 51
0 0 3 44 3 58
0 1 3 44 7 58
0 2 3 44 11 58
0 3 3 44 15 58
0 0 3 42 4 56
0 1 3 42 8 56
0 2 3 42 12 56
0 3 3 42 16 56
0 0 3 40 3 63
0 1 3 40 7 63
0 2 3 40 11 63
0 3 3 40 15 63
0 0 3 38 4 64
0 1 3 38 8 64
0 2 3 38 12 64
0 3 3 38 16 64
0 0 3 36 3 52
0 1 3 36 7 52
0 2 3 36 11 52
0 3 3 36 15 52
0 0 3 34 4 52
0 1 3 34 8 52
0 2 3 34 12 52
0 3 3 34 16 52
0 0 3 32 3 62
0 1 3 32 7 62
0 2 3 32 11 62
0 3 3 32 15 62
0 0 3 30 4 63
0 1 3 30 8 63
0 2 3 30 12 63
0 3 3 30 16 63
0 0 3 28 3 53
0 1 3 28 7 53
0 2 3 28 11 53
0 3 3 28 15 53
0 0 3 26 4 53
0 1 3 26 8 53
0 2 3 26 12 53
0 3 3 26 16 53
0 0 3 24 3 61
0 1 3 24 7 61
0 2 3 24 11 61
0 3 3 24 15 61
0 0 3 21 4 62
0 1 3 21 8 62
0 2 3 21 12 62
0 3 3 21 16 62
0 0 3 19 3 60
0 1 3 19 7 60
0 2 3 19 11 60
0 3 3 19 15 60
0 0 3 17 4 61
0 1 3 17 8 61
0 2 3 17 12 61
0 3 3 17 16 61
0 0 3 15 3 54
0 1 3 15 7 54
0 2 3 15 11 54
0 3 3 15 15 54
0 0 3 13 4 54
0 1 3 13 8 54
0 2 3 13 12 54
0 3 3 13 16 54
0 0 3 10 3 59
0 1 3 10 7 59
0 2 3 10 11 59
0 3 3 10 15 59
0 0 3 8 4 60
0 1 3 8 8 60
0 2 3 8 12 60
0 3 3 8 16 60
0 0 3 6 3 55
0 1 3 6 7 55
0 2 3 6 11 55
0 3 3 6 15 55
0 0 3 4 4 55
0 1 3 4 8 55
0 2 3 4 12 55
0 3 3 4 16 55
0 0 3 2 3 64
0 1 3 2 7 64
0 2 3 2 11 64
0 3 3 2 15 64
0 0 3 0 4 59
0 1 3 0 8 59
0 2 3 0 12 59
0 3 3 0 16 59
